[117801.078  93194.73   78338.14   67889.664 114560.196  90873.826
  78621.432  84392.724 127874.486  77153.746  95673.578 103222.15
 125662.874  97313.6   105179.402  91761.176 111088.704 102216.144
  94899.618  62776.222  84208.81   55614.016  88321.394  73999.388
 100739.926      0.    115949.154      0.    115745.288  58625.
 168587.382  40850.832  62661.08   56861.074  70271.968 112815.292
  89031.048 105291.542 100766.556  69663.804  83403.804 100864.98
 123921.004  62492.422  60638.078  83880.106  45405.438  48572.836
  41724.88   59290.214 104218.878  62964.926  79228.568  81432.654
  32537.03   66051.57   92640.49   50685.512 109581.414  64713.93
  93059.416  57472.222 101857.934 103476.442  60937.284  89567.246
  86130.928  76693.874  87864.828 114540.534  43011.552  83904.168
 107017.214  72917.556 128771.792  62735.052  58621.462  87290.476
  43150.716  97173.964  61705.84   59694.468      0.     91343.262
  36495.602  77236.63   61228.606 118628.81   75891.378  84956.106
  40693.026  77317.108  54477.112  67361.238  74887.298 113172.53
  97047.112  37081.398  84329.7    72646.94   86847.722  99701.374
  66680.064  89592.97   96094.722  84098.278  76769.308  85269.874
  45532.504  73952.86   73282.444  49318.678  45096.18   83759.886
  84755.378  85538.484  55052.348  92158.732  54944.594  68034.24
  48266.908  52277.276  84693.354  44710.646  42813.346  65385.674
  89283.512  70261.236  96637.646  70620.99  108423.886 107263.992
  74434.884  96733.492  54377.674 103488.894  74167.468 103343.778
  44803.054  32253.012 117693.992  48565.266  85498.102  70990.058
 161932.174  38045.492  49415.576  37974.138  55566.856  73079.704
  88454.648  88854.986  48238.034  58836.536  92112.422 115191.638
  89016.282  58169.026  92574.798  51485.898  89379.104  80053.182
  50135.558  62152.848  42752.49  129074.294  85419.426  85668.244
  39081.718  59980.098  73615.312  45260.646  53827.158 105681.684
  72116.706 100806.938  52793.916  46238.916  62222.95   83700.678
  47824.758 103525.102  61095.35   42588.332  61015.562  68383.56
  52855.9    88223.924  97012.296  75932.662  77377.172  55622.564
  92106.758  73031.27   40267.632  76560.728  78386.458  68198.016
  76697.704  80303.188  98872.034 101620.958  46970.7    47864.272
  61315.884  85297.08  112941.396 123941.966  87556.906  90908.102
  89489.102 126463.662  68706.698  72734.958  64771.04  115619.166
  43596.752  99913.07   53099.626  50456.954  72194.03   49420.472
  75412.766  89397.34   80627.236  95590.486  66452.548 143925.198
  54229.046      0.     56264.048  35741.826  97053.488  53911.3
  49682.934  93534.222  69884.466  50759.398  92778.28   98783.554
  95504.426 105099.942 108332.586 109850.894  96578.68  106390.67
  43590.414 115415.2    80249.852  91009.792 113252.858  72717.228
  69425.812 106311.552 119862.594  65125.198  86229.498  77293.824
  99307.696  98246.068  45246.24   96688.536  50095.834 107244.334
  98495.306 111358.316  63422.504  59182.27   98941.914  85344.504
  60826.054  67155.718  53382.442  53278.568  50045.872  58796.612
 108052.848  78176.97   80577.332 111583.526  72199.204  46086.91
  59393.66   95819.866  81194.036  79762.722 105491.668  54018.56
  45874.896  84900.834  87060.29   47459.388  54236.12   65751.358
  77955.906  42505.202  57810.628  64508.954  36604.526  66060.568
  93657.614 111869.572  58177.26  104297.638  89071.216  78192.226
 114031.62   62700.328  85578.546 102027.038  99466.178      0.
  93120.506  88494.644  98887.104  46182.16   81785.016  80585.142
  80050.718 105611.148  88466.71   79739.552 107549.194  62765.148
  89864.468  86570.618  86892.416  91378.352  44587.75   52952.324
  70224.032  71905.676  80449.31  108357.56   45771.042 102540.088
  41716.932  51424.546  54195.296  89658.622  78171.738 112108.904
  78929.456  60572.548  67593.972 105198.844  48913.536  67428.356
  47836.454  92508.126  42757.366  44800.658  74261.54  119748.952
  64874.884  89103.79  106132.238  84712.27   89438.872  83862.528
  64677.63   51224.972  90198.374  42252.064  89064.578  93450.762
  34221.4    98286.516  57841.252  94455.154 137900.414  89647.434
  96075.878 102729.152  61594.698  48414.958  71161.662 113455.486
  44792.36   95814.884 102802.982  81058.132 105217.742 108031.428
 108044.936 108634.598  50754.73   43716.328  99197.778  94587.676
  78403.814  86987.414 104410.846  80492.83   49973.614  47802.34
  45899.474  56596.376  55917.686  86041.224 113087.462 106726.406
  84770.062 117293.528  67022.042  42202.43   89178.158  64321.722
  42159.596  41193.112 109229.084  58419.778  93391.466  78881.512
  88853.054  47329.676  69720.082  51043.538 111676.602 111054.482
  41750.    125973.174  49724.086  81568.904  90945.058  40362.414
  91082.054  72539.638 111170.048  61431.35  104092.924  65179.78
  61602.314 135078.148  93089.268  80087.004  43527.34   80898.52
 106289.57  108121.628  61352.862  56117.508 126464.176  44394.136
  49068.676  85131.226 107021.958  89658.53   87145.464  91060.67
  66955.954  49577.938  83945.82   46892.796 111716.236  63446.014
 110326.828  56074.418  61106.13   50608.736  71018.664  61544.632
  43620.058  86044.332  75037.044  28418.262  58419.71  102552.756
 102733.012  78024.884  60191.538  86638.994  87402.636  44191.35
  78149.912  97143.122  96617.964  60179.564  63135.858  66802.154
  46219.132  55885.58   75326.4    97543.526 115392.864  62916.748
 123256.62   99523.32   44604.324  63803.106  70983.598  58778.19
  95730.342  67817.536  55668.732  88700.874  81380.648 109009.45
  81146.32   56401.588  36434.902  39238.154 101864.052  84362.304
  81046.102  68875.     58972.6    85049.736  95198.382  72128.774
 114790.09   97568.304 105017.952  90495.76  103951.53   91880.102
  39710.644  80346.876  83860.27   70524.366  95393.438 102640.938
  66438.558  66170.154  67549.644  88329.938  64077.044  46209.758
  78612.17   93972.716  44685.142  85480.258  93345.162  39543.992
 101220.872  49715.312  50723.888  59662.412  57990.46   87943.716
  98049.584  67513.944  68614.83   39609.476 129879.978  58344.524
  85543.566  99379.788  84440.906 103512.426 106199.7    64307.326
  94561.674  92539.402  66192.736 105881.646  55745.594  55464.512
  50979.05   44237.038  97234.704  77712.856  51990.522  76519.93
  93853.964 101960.014  66518.918  40490.418 105941.418  62302.742
  99197.778  91926.998  43267.416 107707.192  79900.682  86684.594
  68017.068  63834.942 108664.692  60617.832  92442.524 102725.666
 102599.526 101168.064  44731.302  79353.842  90999.61   67099.59
  99954.606 104617.214 109230.08   47888.51   56805.466  83598.838
  57616.63  116075.068  69557.08   43860.542  34825.776  73543.834
  87913.282  85311.112  43331.634  61787.752 116613.86   95276.058
  90483.212  88090.424  53251.55   54267.876  80246.786  69695.052
  48624.242  69197.94   46749.502  54888.85  102508.252  92958.102
  67284.064  57973.744  85913.786 101985.258  52926.266  72191.794
  73117.632 100180.888  44435.816  94735.424  65916.592  95556.576
  83972.54   70520.36   75193.796  80039.656  36221.664  63753.154
  72510.07  103913.018  40607.852 108671.328  58745.096  69231.006
  71010.452  61876.052  91910.906  44133.558  36445.744  47658.91
  37296.336  99269.458  99841.06   72061.382  62155.41   51981.476
  73492.344 150296.642 101885.564  50166.082 102268.398  48466.856
  79263.012  95601.354  43940.376  47114.2    79831.76   85743.594
  72379.592  94419.196  55648.144  59077.462  92025.394 117543.982
  66446.178  53631.632  65037.494  47934.984  86202.252  83445.838
  98021.502  34310.724 121999.092  48839.964 116007.082  43220.25
  98205.484  55899.294  94857.086  69169.896  64033.426  43093.728
  40280.51   33820.648  53653.114  81180.594  69422.39  109152.964
  73192.232 115208.996  56691.668  98232.792  61914.218  47606.094
  49445.056  84569.116  46465.372  36377.102 100211.316  44459.79
  54295.928  86331.578  89650.342  84458.372  44462.482  86138.336
  57887.584  56903.4   102483.806  45060.49   80764.62   99440.654
  80362.082]
